9 0.664394 0.320455 0.334848 0.310606
9 0.484848 0.573485 0.357576 0.280303
9 0.231061 0.345455 0.343939 0.306061
9 0.773485 0.814394 0.304545 0.340909
9 0.911364 0.236364 0.177273 0.345455
9 0.876515 0.518182 0.246970 0.287879
9 0.312879 0.121212 0.340909 0.239394
9 0.587879 0.078788 0.303030 0.154545
9 0.781818 0.068182 0.136364 0.133333
9 0.919697 0.050000 0.160606 0.096970
9 0.489394 0.281061 0.200000 0.265152
9 0.775758 0.225000 0.166667 0.207576
9 0.106818 0.129545 0.210606 0.256061
9 0.066667 0.346970 0.130303 0.209091
9 0.115909 0.568182 0.228788 0.306061
9 0.314394 0.740152 0.268182 0.298485
9 0.584091 0.770455 0.271212 0.292424
9 0.878030 0.700758 0.243939 0.225758
9 0.715909 0.535606 0.192424 0.250000
