9 0.174664 0.192085 0.138196 0.140927
9 0.318618 0.194981 0.134357 0.138996
9 0.461612 0.193050 0.132438 0.138996
9 0.590211 0.192085 0.136276 0.133205
9 0.734165 0.194981 0.132438 0.142857
9 0.882917 0.194981 0.130518 0.135135
9 0.177543 0.331081 0.140115 0.140927
9 0.317658 0.333977 0.140115 0.142857
9 0.458733 0.333977 0.134357 0.150579
9 0.596929 0.333012 0.142035 0.144788
9 0.734165 0.332046 0.132438 0.150579
9 0.874280 0.333012 0.136276 0.140927
9 0.172745 0.481660 0.149712 0.137066
9 0.314779 0.478764 0.142035 0.138996
9 0.462572 0.482625 0.153551 0.138996
9 0.596929 0.478764 0.138196 0.146718
9 0.738004 0.471042 0.136276 0.138996
9 0.876200 0.476834 0.143954 0.135135
9 0.169866 0.618726 0.147793 0.129344
9 0.318618 0.618726 0.142035 0.129344
9 0.460653 0.613900 0.142035 0.123552
9 0.599808 0.623552 0.136276 0.131274
9 0.738964 0.621622 0.134357 0.142857
9 0.880038 0.615830 0.140115 0.135135
9 0.178503 0.763514 0.149712 0.152510
9 0.320537 0.763514 0.142035 0.152510
9 0.454894 0.752896 0.145873 0.146718
9 0.600768 0.755792 0.142035 0.144788
9 0.737044 0.759653 0.126679 0.133205
9 0.876200 0.759653 0.155470 0.137066
