9 0.236698 0.755859 0.189632 0.457031
9 0.127558 0.248047 0.184175 0.480469
9 0.361528 0.287109 0.139154 0.347656
9 0.483629 0.480469 0.151432 0.414062
9 0.609823 0.644531 0.163711 0.437500
9 0.743520 0.800781 0.166439 0.398438
9 0.888131 0.898438 0.155525 0.203125
9 0.484993 0.177734 0.151432 0.347656
9 0.609141 0.310547 0.143247 0.371094
9 0.738745 0.431641 0.151432 0.355469
9 0.864939 0.601562 0.166439 0.359375
9 0.960437 0.806641 0.079127 0.386719
9 0.899045 0.359375 0.160982 0.406250
9 0.730559 0.152344 0.154161 0.296875
