9 0.268342 0.205163 0.093750 0.095109
9 0.358696 0.197690 0.105978 0.093750
9 0.457201 0.199049 0.107337 0.093750
9 0.550272 0.200408 0.084239 0.101902
9 0.641304 0.203804 0.097826 0.100543
9 0.736413 0.200408 0.086957 0.093750
9 0.261549 0.275815 0.107337 0.084239
9 0.358016 0.274457 0.099185 0.081522
9 0.451766 0.270380 0.104620 0.081522
9 0.556386 0.274457 0.099185 0.081522
9 0.649457 0.274457 0.111413 0.092391
9 0.748641 0.269701 0.097826 0.082880
9 0.252038 0.343071 0.101902 0.099185
9 0.354620 0.342391 0.100543 0.095109
9 0.459239 0.349864 0.119565 0.104620
9 0.555707 0.343071 0.095109 0.099185
9 0.656250 0.349864 0.105978 0.085598
9 0.760870 0.350543 0.100543 0.084239
9 0.245245 0.429348 0.107337 0.103261
9 0.353940 0.426630 0.104620 0.111413
9 0.453804 0.432745 0.114130 0.110054
9 0.559783 0.426630 0.105978 0.095109
9 0.667799 0.428668 0.104620 0.091033
9 0.777174 0.423234 0.114130 0.093750
9 0.236413 0.522418 0.105978 0.137228
9 0.345109 0.521739 0.125000 0.127717
9 0.455163 0.528533 0.114130 0.141304
9 0.566576 0.527853 0.114130 0.137228
9 0.677989 0.527174 0.122283 0.133152
9 0.790082 0.527174 0.120924 0.130435
