9 0.127717 0.183866 0.154891 0.184593
9 0.275815 0.179506 0.141304 0.161337
9 0.415761 0.180959 0.149457 0.152616
9 0.560462 0.175872 0.139946 0.154070
9 0.709239 0.180233 0.141304 0.142442
9 0.832880 0.174419 0.149457 0.145349
9 0.124321 0.348110 0.153533 0.152616
9 0.273777 0.332849 0.156250 0.168605
9 0.417120 0.324855 0.141304 0.158430
9 0.558424 0.324855 0.168478 0.152616
9 0.707880 0.323401 0.146739 0.155523
9 0.854620 0.321948 0.144022 0.161337
9 0.119565 0.488372 0.152174 0.148256
9 0.268342 0.485465 0.150815 0.154070
9 0.420516 0.481831 0.150815 0.149709
9 0.565897 0.484012 0.156250 0.159884
9 0.713995 0.479651 0.148098 0.168605
9 0.877717 0.481105 0.165761 0.174419
9 0.125679 0.641715 0.156250 0.170058
9 0.269701 0.642442 0.153533 0.162791
9 0.420516 0.641715 0.137228 0.158430
9 0.569293 0.637355 0.152174 0.155523
9 0.718750 0.638808 0.149457 0.161337
9 0.864810 0.638808 0.153533 0.167151
9 0.111413 0.813953 0.146739 0.174419
9 0.263587 0.808140 0.149457 0.171512
9 0.420516 0.805959 0.158967 0.164244
9 0.569973 0.800872 0.158967 0.165698
9 0.726902 0.805959 0.152174 0.170058
9 0.875000 0.806686 0.149457 0.159884
