9 0.356250 0.111667 0.132500 0.166667
9 0.477500 0.136667 0.112500 0.180000
9 0.593750 0.154167 0.112500 0.181667
9 0.714375 0.153333 0.096250 0.160000
9 0.804375 0.155000 0.096250 0.146667
9 0.894375 0.170000 0.093750 0.143333
9 0.358125 0.294167 0.128750 0.161667
9 0.479375 0.296667 0.131250 0.163333
9 0.586250 0.300000 0.105000 0.140000
9 0.695625 0.309167 0.106250 0.138333
9 0.795000 0.306667 0.100000 0.136667
9 0.889375 0.316667 0.093750 0.126667
9 0.358750 0.468333 0.122500 0.170000
9 0.478125 0.463333 0.121250 0.163333
9 0.593125 0.464167 0.121250 0.148333
9 0.713125 0.451667 0.096250 0.126667
9 0.797500 0.450000 0.095000 0.140000
9 0.891875 0.451667 0.096250 0.126667
9 0.365625 0.637500 0.111250 0.145000
9 0.364375 0.796667 0.131250 0.146667
9 0.480000 0.625833 0.105000 0.131667
9 0.586250 0.618333 0.125000 0.123333
9 0.486250 0.791667 0.102500 0.160000
9 0.591875 0.768333 0.121250 0.156667
9 0.695625 0.602500 0.111250 0.125000
9 0.803750 0.605000 0.100000 0.123333
9 0.896875 0.600000 0.081250 0.110000
9 0.703750 0.751667 0.097500 0.150000
9 0.799375 0.731667 0.098750 0.136667
9 0.889375 0.727500 0.106250 0.135000
