9 0.211914 0.190616 0.294922 0.375367
9 0.156250 0.558651 0.308594 0.448680
9 0.418945 0.476540 0.279297 0.466276
9 0.409180 0.129032 0.208984 0.252199
9 0.052734 0.318182 0.101562 0.302053
9 0.569336 0.303519 0.248047 0.331378
9 0.677734 0.598240 0.304688 0.539589
9 0.158203 0.882698 0.312500 0.234604
9 0.732422 0.928152 0.316406 0.143695
9 0.877930 0.774194 0.244141 0.451613
9 0.963867 0.419355 0.072266 0.410557
9 0.806641 0.293255 0.250000 0.521994
9 0.681641 0.107038 0.273438 0.208211
9 0.904297 0.074780 0.191406 0.143695
9 0.500000 0.810850 0.300781 0.296188
