0 0.253333 0.843750 0.193333 0.194167
0 0.257778 0.697917 0.271111 0.192500
0 0.255000 0.550417 0.263333 0.157500
0 0.446667 0.545000 0.197778 0.186667
0 0.605000 0.566667 0.230000 0.186667
0 0.598333 0.667917 0.265556 0.124167
0 0.788333 0.650833 0.201111 0.151667
0 0.817222 0.837500 0.161111 0.228333
0 0.787222 0.524583 0.241111 0.160833
0 0.789444 0.432083 0.232222 0.175833
0 0.627778 0.424167 0.337778 0.138333
0 0.442778 0.444167 0.201111 0.116667
0 0.798889 0.318333 0.222222 0.110000
0 0.338889 0.151250 0.215556 0.132500
0 0.567778 0.110833 0.304444 0.083333
0 0.230556 0.216667 0.201111 0.100000
0 0.296667 0.445833 0.135556 0.061667
0 0.407778 0.837500 0.155556 0.206667
0 0.612222 0.913333 0.302222 0.101667
