0 0.444167 0.208333 0.103333 0.108333
0 0.535000 0.196667 0.073333 0.193333
0 0.640000 0.529167 0.136667 0.080000
0 0.661667 0.466667 0.150000 0.091667
0 0.407917 0.390417 0.135833 0.077500
0 0.346667 0.490417 0.113333 0.120833
0 0.285833 0.533750 0.160000 0.102500
0 0.241250 0.793750 0.089167 0.149167
0 0.336667 0.790833 0.095000 0.103333
0 0.380833 0.697500 0.186667 0.083333
0 0.611667 0.772917 0.083333 0.102500
0 0.706667 0.772917 0.125000 0.074167
0 0.693333 0.862083 0.148333 0.092500
0 0.761250 0.697083 0.175833 0.077500
0 0.739167 0.395417 0.188333 0.072500
0 0.602083 0.120000 0.110833 0.061667
