0 0.205625 0.799375 0.206250 0.183750
0 0.387500 0.836250 0.172500 0.150000
0 0.503750 0.824375 0.210000 0.168750
0 0.693750 0.803750 0.187500 0.177500
0 0.828125 0.749375 0.156250 0.141250
0 0.693125 0.646250 0.188750 0.200000
0 0.430625 0.525625 0.206250 0.141250
0 0.481875 0.637500 0.188750 0.160000
0 0.339375 0.623750 0.198750 0.177500
0 0.237500 0.705000 0.170000 0.177500
0 0.195625 0.596875 0.148750 0.136250
0 0.796875 0.494375 0.211250 0.203750
0 0.665625 0.488125 0.201250 0.143750
0 0.448750 0.432500 0.175000 0.122500
0 0.276875 0.355625 0.178750 0.108750
0 0.499375 0.325000 0.238750 0.102500
0 0.622500 0.361875 0.177500 0.126250
0 0.749375 0.335625 0.173750 0.148750
0 0.189375 0.428125 0.188750 0.131250
0 0.292500 0.488750 0.187500 0.155000
0 0.825000 0.636875 0.137500 0.148750
